17.77186273170353
17.6184691504713
17.538003986828812
17.365403113087652
17.20251929109254
17.07918385132604
16.95240133722189
16.849952827407066
16.754079732669783
16.67014400442658
6.867733274511436
6.673404354265408
6.55253052819992
6.420274148084651
6.310573664972365
6.21279211107451
6.11566408726687
6.351435910366559
6.269732671177422
6.233760996085278
1.9241190089383662
1.5061618514892807
1.4708146686882673
1.4122883147452612
1.3659632773946317
1.3136869080142874
1.2701155967027393
1.2207634865269976
1.1787846925810077
1.13770224597406
1.6650437112691463
1.571920459307861
1.5472780405618116
1.5267522648113738
1.4965078295296925
1.4636439840452635
1.4388998261981956
1.4309253394408785
1.443245418429599
1.4203829544783748
1.4307354363819709
1.3994661207648211
1.3450758293593472
1.326193804054791
1.305998114861548
1.2617250992822913
1.2603556904271245
1.2351513853548701
1.2099413140112827
1.2054229040947237
1.2104019024658808
1.192853216212986
1.1612651409716306
1.1695895012034758
1.142646077767729
1.1384930704766305
1.1501285450144665
1.122266660976145
1.159243345697078
1.0890342866278797
1.0878828334164012
1.0615485462577063
1.0385411333542103
1.0457555270521577
1.0182038594728993
1.0235127989970567
1.0022431036400423
0.9824134654015129
0.9753598116781913
0.9527617901205245
0.9717365910824761
0.9405310303336878
0.9252959790346538
0.9173442741228022
0.9092676958153909
